A = [10 2 -1; -3 -6 2; 1 1 5];
B = [12; 18; -6];
X = A\B